{
 "cells": [
  {
   "cell_type": "code",
   "execution_count": 27,
   "id": "1e4f7e01-e4df-45cd-abea-1c07a7d18e4c",
   "metadata": {
    "tags": []
   },
   "outputs": [],
   "source": [
    "import os\n",
    "import numpy as np\n",
    "import pandas as pd\n",
    "import geopandas as gpd\n",
    "import re\n",
    "import datetime"
   ]
  },
  {
   "cell_type": "code",
   "execution_count": 31,
   "id": "b86968ec-ccf4-4049-94bf-2a6c6bf6b6ac",
   "metadata": {
    "tags": []
   },
   "outputs": [],
   "source": [
    "def kml2df(kml_filename):\n",
    "\n",
    "    with open(kml_filename, 'r') as file:\n",
    "        kml_string = file.read()\n",
    "    \n",
    "    rgt = int(kml_filename[kml_filename.find('RGT_')+4:kml_filename.find('RGT_')+8])\n",
    "        \n",
    "    kml_string_line = kml_string[kml_string.find('LineString_kml'):kml_string.find('</LineString>')]\n",
    "    kml_coords_str = '[[' + kml_string_line[kml_string_line.find('<coordinates>')+len('<coordinates>'):kml_string_line.find('</coordinates>')-1] + ']]'\n",
    "    kml_coords_str = kml_coords_str.replace(' ', '],[')\n",
    "    kml_coords_array = np.array(eval(kml_coords_str))\n",
    "    kml_lat = kml_coords_array[:,1]\n",
    "    kml_lon = kml_coords_array[:,0] \n",
    "    kml_df = pd.DataFrame({'lat': kml_lat, 'lon': kml_lon, 'rgt': rgt})\n",
    "    \n",
    "    # find the first timestamp\n",
    "    substr = kml_string[kml_string.find('<Point id='):kml_string.find('</Point>')+100]\n",
    "    descr = substr[substr.find('<name>')+len('<name>'):substr.find('</name>')]\n",
    "    dt_str = descr[descr.find('DOY-'):]\n",
    "    dt_str = dt_str[dt_str.find(' ')+1:]\n",
    "    day = int(dt_str[:dt_str.find('-')])\n",
    "    month_abbr = dt_str[dt_str.find('-')+1:dt_str.rfind('-')]\n",
    "    year = int(dt_str[dt_str.rfind('-')+1:dt_str.find(' ')])\n",
    "    hrs = int(dt_str[dt_str.find(' ')+1:dt_str.find(':')])\n",
    "    mins = int(dt_str[dt_str.find(':')+1:dt_str.rfind(':')])\n",
    "    secs = int(dt_str[dt_str.rfind(':')+1:])\n",
    "    datetime_str = '%4i-%3s-%02iT%02i:%02i:%02iZ' % (year, month_abbr, day, hrs, mins, secs)\n",
    "    dt = datetime.datetime.strptime(datetime_str,'%Y-%b-%dT%H:%M:%SZ')\n",
    "    timestamp_utc = datetime.datetime.timestamp(dt)\n",
    "    kml_df['timestamp'] = timestamp_utc + np.arange(len(kml_df))\n",
    "    kml_df['time_str'] = [datetime.datetime.strftime(datetime.datetime.fromtimestamp(t), '%a %Y-%b-%d %H:%M:%S') for t in kml_df.timestamp]\n",
    "    \n",
    "    return kml_df"
   ]
  },
  {
   "cell_type": "code",
   "execution_count": 32,
   "id": "7c0d26f6-3f9d-47ae-8d5d-77269178dba5",
   "metadata": {
    "tags": []
   },
   "outputs": [
    {
     "name": "stdout",
     "output_type": "stream",
     "text": [
      "cycle  1:    0 KMLs\n",
      "cycle  2:    0 KMLs\n",
      "cycle  3:    0 KMLs\n",
      "cycle  4:    0 KMLs\n",
      "cycle  5:    0 KMLs\n",
      "cycle  6:    0 KMLs\n",
      "cycle  7:    0 KMLs\n",
      "cycle  8:    0 KMLs\n",
      "cycle  9:    0 KMLs\n",
      "cycle 10:    0 KMLs\n",
      "cycle 11:    0 KMLs\n",
      "cycle 12:    0 KMLs\n",
      "cycle 13:    0 KMLs\n",
      "cycle 14: 1387 KMLs\n",
      "cycle 15: 1387 KMLs\n",
      "cycle 16:    1 KMLs\n",
      "cycle 17:    0 KMLs\n",
      "cycle 18:    0 KMLs\n",
      "cycle 19:    0 KMLs\n",
      "cycle 20: 1387 KMLs\n",
      "cycle 21: 1387 KMLs\n"
     ]
    }
   ],
   "source": [
    "kml_dir = '/home/jovyan/shared-public/ICESat-2-Hackweek/KMLs'\n",
    "# kml_dir = '/home/jovyan/shared-public/ICESat-2-Hackweek/ground_tracks'\n",
    "kml_filelist = [kml_dir+'/'+f for f in os.listdir(kml_dir) if os.path.isfile(os.path.join(kml_dir, f))]\n",
    "for cycle in np.arange(1,22):\n",
    "    cycle_search = '_cycle%i_' % cycle\n",
    "    cycle_filelist = [f for f in kml_filelist if ((cycle_search in f) & (f[len(kml_dir)+1] != '.'))]\n",
    "    cycle_filelist.sort()\n",
    "    nfiles = len(cycle_filelist)\n",
    "    print('cycle %2i: %4i KMLs' % (cycle, nfiles))"
   ]
  },
  {
   "cell_type": "code",
   "execution_count": 41,
   "id": "8df86e26-d54b-4656-b9b7-fca533d01580",
   "metadata": {
    "tags": []
   },
   "outputs": [
    {
     "name": "stdout",
     "output_type": "stream",
     "text": [
      "cycle 21: 1387 KMLs\n",
      "Time elapsed: 0:02:17.876483\n"
     ]
    },
    {
     "data": {
      "text/html": [
       "<div>\n",
       "<style scoped>\n",
       "    .dataframe tbody tr th:only-of-type {\n",
       "        vertical-align: middle;\n",
       "    }\n",
       "\n",
       "    .dataframe tbody tr th {\n",
       "        vertical-align: top;\n",
       "    }\n",
       "\n",
       "    .dataframe thead th {\n",
       "        text-align: right;\n",
       "    }\n",
       "</style>\n",
       "<table border=\"1\" class=\"dataframe\">\n",
       "  <thead>\n",
       "    <tr style=\"text-align: right;\">\n",
       "      <th></th>\n",
       "      <th>lat</th>\n",
       "      <th>lon</th>\n",
       "      <th>rgt</th>\n",
       "      <th>timestamp</th>\n",
       "      <th>time_str</th>\n",
       "      <th>geometry</th>\n",
       "    </tr>\n",
       "  </thead>\n",
       "  <tbody>\n",
       "    <tr>\n",
       "      <th>0</th>\n",
       "      <td>0.027959</td>\n",
       "      <td>-0.131847</td>\n",
       "      <td>1</td>\n",
       "      <td>1.695089e+09</td>\n",
       "      <td>Tue 2023-Sep-19 02:03:28</td>\n",
       "      <td>POINT (-0.13185 0.02796)</td>\n",
       "    </tr>\n",
       "    <tr>\n",
       "      <th>1</th>\n",
       "      <td>0.091968</td>\n",
       "      <td>-0.138250</td>\n",
       "      <td>1</td>\n",
       "      <td>1.695089e+09</td>\n",
       "      <td>Tue 2023-Sep-19 02:03:29</td>\n",
       "      <td>POINT (-0.13825 0.09197)</td>\n",
       "    </tr>\n",
       "    <tr>\n",
       "      <th>2</th>\n",
       "      <td>0.155977</td>\n",
       "      <td>-0.144652</td>\n",
       "      <td>1</td>\n",
       "      <td>1.695089e+09</td>\n",
       "      <td>Tue 2023-Sep-19 02:03:30</td>\n",
       "      <td>POINT (-0.14465 0.15598)</td>\n",
       "    </tr>\n",
       "    <tr>\n",
       "      <th>3</th>\n",
       "      <td>0.219986</td>\n",
       "      <td>-0.151055</td>\n",
       "      <td>1</td>\n",
       "      <td>1.695089e+09</td>\n",
       "      <td>Tue 2023-Sep-19 02:03:31</td>\n",
       "      <td>POINT (-0.15105 0.21999)</td>\n",
       "    </tr>\n",
       "    <tr>\n",
       "      <th>4</th>\n",
       "      <td>0.283995</td>\n",
       "      <td>-0.157457</td>\n",
       "      <td>1</td>\n",
       "      <td>1.695089e+09</td>\n",
       "      <td>Tue 2023-Sep-19 02:03:32</td>\n",
       "      <td>POINT (-0.15746 0.28400)</td>\n",
       "    </tr>\n",
       "    <tr>\n",
       "      <th>...</th>\n",
       "      <td>...</td>\n",
       "      <td>...</td>\n",
       "      <td>...</td>\n",
       "      <td>...</td>\n",
       "      <td>...</td>\n",
       "      <td>...</td>\n",
       "    </tr>\n",
       "    <tr>\n",
       "      <th>5651</th>\n",
       "      <td>-0.347574</td>\n",
       "      <td>-0.094110</td>\n",
       "      <td>1387</td>\n",
       "      <td>1.702936e+09</td>\n",
       "      <td>Mon 2023-Dec-18 21:43:11</td>\n",
       "      <td>POINT (-0.09411 -0.34757)</td>\n",
       "    </tr>\n",
       "    <tr>\n",
       "      <th>5652</th>\n",
       "      <td>-0.283567</td>\n",
       "      <td>-0.100513</td>\n",
       "      <td>1387</td>\n",
       "      <td>1.702936e+09</td>\n",
       "      <td>Mon 2023-Dec-18 21:43:12</td>\n",
       "      <td>POINT (-0.10051 -0.28357)</td>\n",
       "    </tr>\n",
       "    <tr>\n",
       "      <th>5653</th>\n",
       "      <td>-0.219559</td>\n",
       "      <td>-0.106915</td>\n",
       "      <td>1387</td>\n",
       "      <td>1.702936e+09</td>\n",
       "      <td>Mon 2023-Dec-18 21:43:13</td>\n",
       "      <td>POINT (-0.10692 -0.21956)</td>\n",
       "    </tr>\n",
       "    <tr>\n",
       "      <th>5654</th>\n",
       "      <td>-0.155551</td>\n",
       "      <td>-0.113318</td>\n",
       "      <td>1387</td>\n",
       "      <td>1.702936e+09</td>\n",
       "      <td>Mon 2023-Dec-18 21:43:14</td>\n",
       "      <td>POINT (-0.11332 -0.15555)</td>\n",
       "    </tr>\n",
       "    <tr>\n",
       "      <th>5655</th>\n",
       "      <td>-0.091543</td>\n",
       "      <td>-0.119720</td>\n",
       "      <td>1387</td>\n",
       "      <td>1.702936e+09</td>\n",
       "      <td>Mon 2023-Dec-18 21:43:15</td>\n",
       "      <td>POINT (-0.11972 -0.09154)</td>\n",
       "    </tr>\n",
       "  </tbody>\n",
       "</table>\n",
       "<p>7845402 rows × 6 columns</p>\n",
       "</div>"
      ],
      "text/plain": [
       "           lat       lon   rgt     timestamp                  time_str  \\\n",
       "0     0.027959 -0.131847     1  1.695089e+09  Tue 2023-Sep-19 02:03:28   \n",
       "1     0.091968 -0.138250     1  1.695089e+09  Tue 2023-Sep-19 02:03:29   \n",
       "2     0.155977 -0.144652     1  1.695089e+09  Tue 2023-Sep-19 02:03:30   \n",
       "3     0.219986 -0.151055     1  1.695089e+09  Tue 2023-Sep-19 02:03:31   \n",
       "4     0.283995 -0.157457     1  1.695089e+09  Tue 2023-Sep-19 02:03:32   \n",
       "...        ...       ...   ...           ...                       ...   \n",
       "5651 -0.347574 -0.094110  1387  1.702936e+09  Mon 2023-Dec-18 21:43:11   \n",
       "5652 -0.283567 -0.100513  1387  1.702936e+09  Mon 2023-Dec-18 21:43:12   \n",
       "5653 -0.219559 -0.106915  1387  1.702936e+09  Mon 2023-Dec-18 21:43:13   \n",
       "5654 -0.155551 -0.113318  1387  1.702936e+09  Mon 2023-Dec-18 21:43:14   \n",
       "5655 -0.091543 -0.119720  1387  1.702936e+09  Mon 2023-Dec-18 21:43:15   \n",
       "\n",
       "                       geometry  \n",
       "0      POINT (-0.13185 0.02796)  \n",
       "1      POINT (-0.13825 0.09197)  \n",
       "2      POINT (-0.14465 0.15598)  \n",
       "3      POINT (-0.15105 0.21999)  \n",
       "4      POINT (-0.15746 0.28400)  \n",
       "...                         ...  \n",
       "5651  POINT (-0.09411 -0.34757)  \n",
       "5652  POINT (-0.10051 -0.28357)  \n",
       "5653  POINT (-0.10692 -0.21956)  \n",
       "5654  POINT (-0.11332 -0.15555)  \n",
       "5655  POINT (-0.11972 -0.09154)  \n",
       "\n",
       "[7845402 rows x 6 columns]"
      ]
     },
     "execution_count": 41,
     "metadata": {},
     "output_type": "execute_result"
    }
   ],
   "source": [
    "cycle = 21\n",
    "cycle_search = '_cycle%i_' % cycle\n",
    "cycle_filelist = [f for f in kml_filelist if ((cycle_search in f) & (f[len(kml_dir)+1] != '.'))]\n",
    "cycle_filelist.sort()\n",
    "nfiles = len(cycle_filelist)\n",
    "print('cycle %2i: %4i KMLs' % (cycle, nfiles))\n",
    "\n",
    "df_list = []\n",
    "startTime = datetime.datetime.now()\n",
    "for i,fn in enumerate(cycle_filelist):\n",
    "    df_list.append(kml2df(fn))\n",
    "    print('---> read %4i / %4i' % (i, nfiles), end='\\r')\n",
    "df_all = pd.concat(df_list)\n",
    "print('Time elapsed:', datetime.datetime.now() - startTime)\n",
    "gdf = gpd.GeoDataFrame(df_all, geometry=gpd.points_from_xy(df_all.lon, df_all.lat), crs=\"EPSG:4326\")\n",
    "gdf"
   ]
  },
  {
   "cell_type": "code",
   "execution_count": 42,
   "id": "4e798c53-1ad5-48b7-a107-34c57755937c",
   "metadata": {
    "tags": []
   },
   "outputs": [
    {
     "name": "stdout",
     "output_type": "stream",
     "text": [
      "/home/jovyan/shared-public/ICESat-2-Hackweek/ground_tracks/cycle21_1hz_points.pkl\n",
      "/home/jovyan/shared-public/ICESat-2-Hackweek/ground_tracks/cycle21_1hz_points.csv\n",
      "Time elapsed: 0:04:55.192931\n"
     ]
    }
   ],
   "source": [
    "out_dir = '/home/jovyan/shared-public/ICESat-2-Hackweek/ground_tracks/'\n",
    "out_fn = 'cycle%02i_1hz_points' % cycle\n",
    "pkl_path = out_dir + out_fn + '.pkl'\n",
    "csv_path = out_dir + out_fn + '.csv'\n",
    "\n",
    "startTime = datetime.datetime.now()\n",
    "gdf.to_pickle(pkl_path)\n",
    "print(pkl_path)\n",
    "gdf.to_csv(csv_path)\n",
    "print(csv_path)\n",
    "print('Time elapsed:', datetime.datetime.now() - startTime)"
   ]
  },
  {
   "cell_type": "code",
   "execution_count": null,
   "id": "04323f7d-610c-43b0-9733-64fb2c254791",
   "metadata": {},
   "outputs": [],
   "source": []
  },
  {
   "cell_type": "code",
   "execution_count": null,
   "id": "99aac1c5-d87d-45f5-88c2-60b59102be24",
   "metadata": {},
   "outputs": [],
   "source": []
  },
  {
   "cell_type": "code",
   "execution_count": null,
   "id": "ae5afd6e-14a8-4380-a4a6-b1e052cc36d8",
   "metadata": {},
   "outputs": [],
   "source": []
  },
  {
   "cell_type": "code",
   "execution_count": 6,
   "id": "def5fe4e-d6bf-4af3-9e1a-18c533296670",
   "metadata": {
    "tags": []
   },
   "outputs": [
    {
     "data": {
      "text/html": [
       "<div>\n",
       "<style scoped>\n",
       "    .dataframe tbody tr th:only-of-type {\n",
       "        vertical-align: middle;\n",
       "    }\n",
       "\n",
       "    .dataframe tbody tr th {\n",
       "        vertical-align: top;\n",
       "    }\n",
       "\n",
       "    .dataframe thead th {\n",
       "        text-align: right;\n",
       "    }\n",
       "</style>\n",
       "<table border=\"1\" class=\"dataframe\">\n",
       "  <thead>\n",
       "    <tr style=\"text-align: right;\">\n",
       "      <th></th>\n",
       "      <th>lat</th>\n",
       "      <th>lon</th>\n",
       "      <th>rgt</th>\n",
       "      <th>timestamp</th>\n",
       "      <th>time_str</th>\n",
       "      <th>geometry</th>\n",
       "    </tr>\n",
       "  </thead>\n",
       "  <tbody>\n",
       "    <tr>\n",
       "      <th>0</th>\n",
       "      <td>-0.131847</td>\n",
       "      <td>0.027959</td>\n",
       "      <td>1</td>\n",
       "      <td>1.695089e+09</td>\n",
       "      <td>Tue 2023-Sep-19 02:03:28</td>\n",
       "      <td>POINT (0.02796 -0.13185)</td>\n",
       "    </tr>\n",
       "    <tr>\n",
       "      <th>1</th>\n",
       "      <td>-0.138250</td>\n",
       "      <td>0.091968</td>\n",
       "      <td>1</td>\n",
       "      <td>1.695089e+09</td>\n",
       "      <td>Tue 2023-Sep-19 02:03:29</td>\n",
       "      <td>POINT (0.09197 -0.13825)</td>\n",
       "    </tr>\n",
       "    <tr>\n",
       "      <th>2</th>\n",
       "      <td>-0.144652</td>\n",
       "      <td>0.155977</td>\n",
       "      <td>1</td>\n",
       "      <td>1.695089e+09</td>\n",
       "      <td>Tue 2023-Sep-19 02:03:30</td>\n",
       "      <td>POINT (0.15598 -0.14465)</td>\n",
       "    </tr>\n",
       "    <tr>\n",
       "      <th>3</th>\n",
       "      <td>-0.151055</td>\n",
       "      <td>0.219986</td>\n",
       "      <td>1</td>\n",
       "      <td>1.695089e+09</td>\n",
       "      <td>Tue 2023-Sep-19 02:03:31</td>\n",
       "      <td>POINT (0.21999 -0.15105)</td>\n",
       "    </tr>\n",
       "    <tr>\n",
       "      <th>4</th>\n",
       "      <td>-0.157457</td>\n",
       "      <td>0.283995</td>\n",
       "      <td>1</td>\n",
       "      <td>1.695089e+09</td>\n",
       "      <td>Tue 2023-Sep-19 02:03:32</td>\n",
       "      <td>POINT (0.28400 -0.15746)</td>\n",
       "    </tr>\n",
       "    <tr>\n",
       "      <th>...</th>\n",
       "      <td>...</td>\n",
       "      <td>...</td>\n",
       "      <td>...</td>\n",
       "      <td>...</td>\n",
       "      <td>...</td>\n",
       "      <td>...</td>\n",
       "    </tr>\n",
       "    <tr>\n",
       "      <th>5651</th>\n",
       "      <td>-0.094110</td>\n",
       "      <td>-0.347574</td>\n",
       "      <td>1387</td>\n",
       "      <td>1.702936e+09</td>\n",
       "      <td>Mon 2023-Dec-18 21:43:11</td>\n",
       "      <td>POINT (-0.34757 -0.09411)</td>\n",
       "    </tr>\n",
       "    <tr>\n",
       "      <th>5652</th>\n",
       "      <td>-0.100513</td>\n",
       "      <td>-0.283567</td>\n",
       "      <td>1387</td>\n",
       "      <td>1.702936e+09</td>\n",
       "      <td>Mon 2023-Dec-18 21:43:12</td>\n",
       "      <td>POINT (-0.28357 -0.10051)</td>\n",
       "    </tr>\n",
       "    <tr>\n",
       "      <th>5653</th>\n",
       "      <td>-0.106915</td>\n",
       "      <td>-0.219559</td>\n",
       "      <td>1387</td>\n",
       "      <td>1.702936e+09</td>\n",
       "      <td>Mon 2023-Dec-18 21:43:13</td>\n",
       "      <td>POINT (-0.21956 -0.10692)</td>\n",
       "    </tr>\n",
       "    <tr>\n",
       "      <th>5654</th>\n",
       "      <td>-0.113318</td>\n",
       "      <td>-0.155551</td>\n",
       "      <td>1387</td>\n",
       "      <td>1.702936e+09</td>\n",
       "      <td>Mon 2023-Dec-18 21:43:14</td>\n",
       "      <td>POINT (-0.15555 -0.11332)</td>\n",
       "    </tr>\n",
       "    <tr>\n",
       "      <th>5655</th>\n",
       "      <td>-0.119720</td>\n",
       "      <td>-0.091543</td>\n",
       "      <td>1387</td>\n",
       "      <td>1.702936e+09</td>\n",
       "      <td>Mon 2023-Dec-18 21:43:15</td>\n",
       "      <td>POINT (-0.09154 -0.11972)</td>\n",
       "    </tr>\n",
       "  </tbody>\n",
       "</table>\n",
       "<p>7845402 rows × 6 columns</p>\n",
       "</div>"
      ],
      "text/plain": [
       "           lat       lon   rgt     timestamp                  time_str  \\\n",
       "0    -0.131847  0.027959     1  1.695089e+09  Tue 2023-Sep-19 02:03:28   \n",
       "1    -0.138250  0.091968     1  1.695089e+09  Tue 2023-Sep-19 02:03:29   \n",
       "2    -0.144652  0.155977     1  1.695089e+09  Tue 2023-Sep-19 02:03:30   \n",
       "3    -0.151055  0.219986     1  1.695089e+09  Tue 2023-Sep-19 02:03:31   \n",
       "4    -0.157457  0.283995     1  1.695089e+09  Tue 2023-Sep-19 02:03:32   \n",
       "...        ...       ...   ...           ...                       ...   \n",
       "5651 -0.094110 -0.347574  1387  1.702936e+09  Mon 2023-Dec-18 21:43:11   \n",
       "5652 -0.100513 -0.283567  1387  1.702936e+09  Mon 2023-Dec-18 21:43:12   \n",
       "5653 -0.106915 -0.219559  1387  1.702936e+09  Mon 2023-Dec-18 21:43:13   \n",
       "5654 -0.113318 -0.155551  1387  1.702936e+09  Mon 2023-Dec-18 21:43:14   \n",
       "5655 -0.119720 -0.091543  1387  1.702936e+09  Mon 2023-Dec-18 21:43:15   \n",
       "\n",
       "                       geometry  \n",
       "0      POINT (0.02796 -0.13185)  \n",
       "1      POINT (0.09197 -0.13825)  \n",
       "2      POINT (0.15598 -0.14465)  \n",
       "3      POINT (0.21999 -0.15105)  \n",
       "4      POINT (0.28400 -0.15746)  \n",
       "...                         ...  \n",
       "5651  POINT (-0.34757 -0.09411)  \n",
       "5652  POINT (-0.28357 -0.10051)  \n",
       "5653  POINT (-0.21956 -0.10692)  \n",
       "5654  POINT (-0.15555 -0.11332)  \n",
       "5655  POINT (-0.09154 -0.11972)  \n",
       "\n",
       "[7845402 rows x 6 columns]"
      ]
     },
     "execution_count": 6,
     "metadata": {},
     "output_type": "execute_result"
    }
   ],
   "source": [
    "gdf"
   ]
  },
  {
   "cell_type": "code",
   "execution_count": 52,
   "id": "468015f9-4ee1-43c3-afe4-338b5b7d140d",
   "metadata": {
    "tags": []
   },
   "outputs": [
    {
     "name": "stderr",
     "output_type": "stream",
     "text": [
      "/tmp/ipykernel_166/2275202394.py:2: FutureWarning: Indexing with multiple keys (implicitly converted to a tuple of keys) will be deprecated, use a list instead.\n",
      "  linestrings = gdf.groupby(['rgt'])['lat','lon'].apply(lambda x: LineString(list(zip(x.lon.tolist(),x.lat.tolist()))))\n"
     ]
    }
   ],
   "source": [
    "# turn it into a geopandas dataframe of linestrings\n",
    "from shapely.geometry import LineString\n",
    "linestrings = gdf.groupby(['rgt'])['lat','lon'].apply(lambda x: LineString(list(zip(x.lon.tolist(),x.lat.tolist()))))\n",
    "times = gdf.groupby(by='rgt')['timestamp'].mean()\n",
    "dflines = gpd.GeoDataFrame(times, geometry=linestrings, crs=\"EPSG:4326\")\n",
    "dflines['time_str'] = [datetime.datetime.strftime(datetime.datetime.fromtimestamp(t), '%a %Y-%b-%d %H:%M:%S') for t in dflines.timestamp]\n",
    "dflines"
   ]
  },
  {
   "cell_type": "code",
   "execution_count": 54,
   "id": "9591240f-6fb9-4a9c-8eaa-6c91f21205df",
   "metadata": {},
   "outputs": [
    {
     "data": {
      "text/html": [
       "<div>\n",
       "<style scoped>\n",
       "    .dataframe tbody tr th:only-of-type {\n",
       "        vertical-align: middle;\n",
       "    }\n",
       "\n",
       "    .dataframe tbody tr th {\n",
       "        vertical-align: top;\n",
       "    }\n",
       "\n",
       "    .dataframe thead th {\n",
       "        text-align: right;\n",
       "    }\n",
       "</style>\n",
       "<table border=\"1\" class=\"dataframe\">\n",
       "  <thead>\n",
       "    <tr style=\"text-align: right;\">\n",
       "      <th></th>\n",
       "      <th>timestamp</th>\n",
       "      <th>geometry</th>\n",
       "      <th>time_str</th>\n",
       "    </tr>\n",
       "    <tr>\n",
       "      <th>rgt</th>\n",
       "      <th></th>\n",
       "      <th></th>\n",
       "      <th></th>\n",
       "    </tr>\n",
       "  </thead>\n",
       "  <tbody>\n",
       "    <tr>\n",
       "      <th>1</th>\n",
       "      <td>1.695092e+09</td>\n",
       "      <td>LINESTRING (0.02796 -0.13185, 0.09197 -0.13825...</td>\n",
       "      <td>Tue 2023-Sep-19 02:50:35</td>\n",
       "    </tr>\n",
       "    <tr>\n",
       "      <th>2</th>\n",
       "      <td>1.695097e+09</td>\n",
       "      <td>LINESTRING (0.00707 -23.74811, 0.07108 -23.754...</td>\n",
       "      <td>Tue 2023-Sep-19 04:24:53</td>\n",
       "    </tr>\n",
       "    <tr>\n",
       "      <th>3</th>\n",
       "      <td>1.695103e+09</td>\n",
       "      <td>LINESTRING (0.05210 -47.37185, 0.11610 -47.378...</td>\n",
       "      <td>Tue 2023-Sep-19 05:59:10</td>\n",
       "    </tr>\n",
       "    <tr>\n",
       "      <th>4</th>\n",
       "      <td>1.695109e+09</td>\n",
       "      <td>LINESTRING (0.02984 -70.98859, 0.09384 -70.994...</td>\n",
       "      <td>Tue 2023-Sep-19 07:33:28</td>\n",
       "    </tr>\n",
       "    <tr>\n",
       "      <th>5</th>\n",
       "      <td>1.695114e+09</td>\n",
       "      <td>LINESTRING (0.06394 -94.61048, 0.12795 -94.616...</td>\n",
       "      <td>Tue 2023-Sep-19 09:07:45</td>\n",
       "    </tr>\n",
       "    <tr>\n",
       "      <th>...</th>\n",
       "      <td>...</td>\n",
       "      <td>...</td>\n",
       "      <td>...</td>\n",
       "    </tr>\n",
       "    <tr>\n",
       "      <th>1383</th>\n",
       "      <td>1.702910e+09</td>\n",
       "      <td>LINESTRING (0.04089 117.96501, 0.10489 117.958...</td>\n",
       "      <td>Mon 2023-Dec-18 14:38:57</td>\n",
       "    </tr>\n",
       "    <tr>\n",
       "      <th>1384</th>\n",
       "      <td>1.702916e+09</td>\n",
       "      <td>LINESTRING (0.01387 94.34678, 0.07788 94.34038...</td>\n",
       "      <td>Mon 2023-Dec-18 16:13:15</td>\n",
       "    </tr>\n",
       "    <tr>\n",
       "      <th>1385</th>\n",
       "      <td>1.702922e+09</td>\n",
       "      <td>LINESTRING (0.04766 70.72270, 0.11167 70.71630...</td>\n",
       "      <td>Mon 2023-Dec-18 17:47:32</td>\n",
       "    </tr>\n",
       "    <tr>\n",
       "      <th>1386</th>\n",
       "      <td>1.702927e+09</td>\n",
       "      <td>LINESTRING (0.01873 47.10595, 0.08274 47.09955...</td>\n",
       "      <td>Mon 2023-Dec-18 19:21:50</td>\n",
       "    </tr>\n",
       "    <tr>\n",
       "      <th>1387</th>\n",
       "      <td>1.702933e+09</td>\n",
       "      <td>LINESTRING (0.05807 23.48325, 0.12208 23.47685...</td>\n",
       "      <td>Mon 2023-Dec-18 20:56:07</td>\n",
       "    </tr>\n",
       "  </tbody>\n",
       "</table>\n",
       "<p>1387 rows × 3 columns</p>\n",
       "</div>"
      ],
      "text/plain": [
       "         timestamp                                           geometry  \\\n",
       "rgt                                                                     \n",
       "1     1.695092e+09  LINESTRING (0.02796 -0.13185, 0.09197 -0.13825...   \n",
       "2     1.695097e+09  LINESTRING (0.00707 -23.74811, 0.07108 -23.754...   \n",
       "3     1.695103e+09  LINESTRING (0.05210 -47.37185, 0.11610 -47.378...   \n",
       "4     1.695109e+09  LINESTRING (0.02984 -70.98859, 0.09384 -70.994...   \n",
       "5     1.695114e+09  LINESTRING (0.06394 -94.61048, 0.12795 -94.616...   \n",
       "...            ...                                                ...   \n",
       "1383  1.702910e+09  LINESTRING (0.04089 117.96501, 0.10489 117.958...   \n",
       "1384  1.702916e+09  LINESTRING (0.01387 94.34678, 0.07788 94.34038...   \n",
       "1385  1.702922e+09  LINESTRING (0.04766 70.72270, 0.11167 70.71630...   \n",
       "1386  1.702927e+09  LINESTRING (0.01873 47.10595, 0.08274 47.09955...   \n",
       "1387  1.702933e+09  LINESTRING (0.05807 23.48325, 0.12208 23.47685...   \n",
       "\n",
       "                      time_str  \n",
       "rgt                             \n",
       "1     Tue 2023-Sep-19 02:50:35  \n",
       "2     Tue 2023-Sep-19 04:24:53  \n",
       "3     Tue 2023-Sep-19 05:59:10  \n",
       "4     Tue 2023-Sep-19 07:33:28  \n",
       "5     Tue 2023-Sep-19 09:07:45  \n",
       "...                        ...  \n",
       "1383  Mon 2023-Dec-18 14:38:57  \n",
       "1384  Mon 2023-Dec-18 16:13:15  \n",
       "1385  Mon 2023-Dec-18 17:47:32  \n",
       "1386  Mon 2023-Dec-18 19:21:50  \n",
       "1387  Mon 2023-Dec-18 20:56:07  \n",
       "\n",
       "[1387 rows x 3 columns]"
      ]
     },
     "execution_count": 54,
     "metadata": {},
     "output_type": "execute_result"
    }
   ],
   "source": []
  },
  {
   "cell_type": "code",
   "execution_count": null,
   "id": "04259d8c-67b1-441d-9beb-654fdfdc7088",
   "metadata": {},
   "outputs": [],
   "source": []
  }
 ],
 "metadata": {
  "kernelspec": {
   "display_name": "Python 3 (ipykernel)",
   "language": "python",
   "name": "python3"
  },
  "language_info": {
   "codemirror_mode": {
    "name": "ipython",
    "version": 3
   },
   "file_extension": ".py",
   "mimetype": "text/x-python",
   "name": "python",
   "nbconvert_exporter": "python",
   "pygments_lexer": "ipython3",
   "version": "3.10.12"
  }
 },
 "nbformat": 4,
 "nbformat_minor": 5
}
